PX01 5 0 5
PX02 100 0 1
PX03 8 0 3
PX04 50 0 1
PX05 6 1 1
PX06 20 1 7
PX07 10 2 1
PX08 12 2 1
PX09 9 3 5
PX10 15 3 1
PX11 100 10 1
PX12 100 10 1
PX13 100 10 1
PX14 11 11 1
PX15 12 12 3
PX16 13 13 5
PX17 14 14 1
PX18 15 15 1
PX19 100 20 10
PX20 25 21 1
PX21 26 22 1
PX22 27 23 1
PX23 28 24 1
PX24 29 25 1
PX25 100 30 1
PX26 100 31 1
PX27 100 32 1
PX28 100 33 1
PX29 100 34 1
PX30 100 40 1
PX31 100 41 1
PX32 100 42 1
PX33 100 43 1
PX34 100 44 1
PX35 100 50 10
PX36 60 51 1
PX37 62 52 1
PX38 64 53 1
PX39 66 54 1
PX40 68 55 1
PX41 100 70 1
PX42 100 71 1
PX43 100 72 1
PX44 100 73 1
PX45 100 74 1
PX46 100 80 15
PX47 96 81 1
PX48 97 82 1
PX49 98 83 1
PX50 99 84 1