P01 10 0 2
P02 10 0 2
P03 15 0 4
P04 20 0 4
P05 25 5 2
P06 30 5 2
P07 35 10 6
P08 40 10 2
P09 45 15 4
P10 50 15 2
P11 55 20 2
P12 60 20 2
P13 65 25 2
P14 70 25 4
P15 75 30 2
P16 80 30 2
P17 85 35 2
P18 90 35 2
P19 95 40 4
P20 100 40 2
P21 105 45 2
P22 110 45 2
P23 115 50 2
P24 120 50 2
P25 125 55 2
P26 130 55 2
P27 135 60 2
P28 140 60 2
P29 145 65 2
P30 150 65 2
P31 155 70 2
P32 160 70 2
P33 165 75 2
P34 170 75 2
P35 175 80 2
P36 180 80 2
P37 185 85 2
P38 190 85 2
P39 195 90 2
P40 200 90 2
P41 205 95 2
P42 210 95 2
P43 215 100 2
P44 220 100 2
P45 225 105 2
P46 230 105 2
P47 235 110 2
P48 240 110 2
P49 245 115 2
P50 250 115 2